0.00 0.000421
0.01 0.000414
0.02 0.000424
0.03 0.000406
0.04 0.000600
0.05 0.000405
0.06 0.000424
0.07 0.000442
0.08 0.000503
0.09 0.000405
0.10 0.000464
0.11 0.000405
0.12 0.000459
0.13 0.000465
0.14 0.000457
0.15 0.000411
0.16 0.000405
0.17 0.000454
0.18 0.000414
0.19 0.000405
0.20 0.000405
0.21 0.000663
0.22 0.000663
0.23 0.000667
0.24 0.000671
0.25 0.000664
0.26 0.000660
0.27 0.000707
0.28 0.000659
0.29 0.000687
0.30 0.000679
0.31 0.000660
0.32 0.000695
0.33 0.000675
0.34 0.000658
0.35 0.000657
0.36 0.000669
0.37 0.000683
0.38 0.000702
0.39 0.000657
0.40 0.000666
0.41 0.000684
0.42 0.000663
0.43 0.000666
0.44 0.000653
0.45 0.000696
0.46 0.000655
0.47 0.000453
0.48 0.000451
0.49 0.000652
0.50 0.000419
0.51 0.000406
0.52 0.000471
0.53 0.000404
0.54 0.000406
0.55 0.000406
0.56 0.000660
0.57 0.000414
0.58 0.000617
0.59 0.000406
0.60 0.000436
0.61 0.000448
0.62 0.000448
0.63 0.000414
0.64 0.000421
0.65 0.000405
0.66 0.000659
0.67 0.000665
0.68 0.000668
0.69 0.000679
0.70 0.000673
0.71 0.000421
0.72 0.000406
0.73 0.000441
0.74 0.000493
0.75 0.000405
0.76 0.000539
0.77 0.000406
0.78 0.000406
0.79 0.000405
0.80 0.000405
0.81 0.000420
0.82 0.000405
0.83 0.000407
0.84 0.000455
0.85 0.000652
0.86 0.000414
0.87 0.000448
0.88 0.000670
0.89 0.000667
0.90 0.000654
0.91 0.000692
0.92 0.000689
0.93 0.000654
0.94 0.000666
0.95 0.000411
0.96 0.000457
0.97 0.000409
0.98 0.000405
0.99 0.000407
1.00 0.000741
