0.00 2
0.01 10
0.02 11
0.03 12
0.04 13
0.05 13
0.06 15
0.07 15
0.08 15
0.09 17
0.10 16
0.11 17
0.12 17
0.13 17
0.14 18
0.15 19
0.16 19
0.17 19
0.18 21
0.19 19
0.20 20
0.21 20
0.22 21
0.23 21
0.24 21
0.25 22
0.26 22
0.27 22
0.28 23
0.29 24
0.30 23
0.31 24
0.32 23
0.33 24
0.34 25
0.35 25
0.36 25
0.37 26
0.38 25
0.39 27
0.40 26
0.41 28
0.42 26
0.43 26
0.44 28
0.45 28
0.46 27
0.47 28
0.48 28
0.49 28
0.50 29
0.51 28
0.52 29
0.53 29
0.54 29
0.55 30
0.56 30
0.57 30
0.58 31
0.59 31
0.60 31
0.61 31
0.62 31
0.63 31
0.64 33
0.65 32
0.66 33
0.67 33
0.68 33
0.69 33
0.70 34
0.71 33
0.72 34
0.73 34
0.74 34
0.75 35
0.76 34
0.77 35
0.78 35
0.79 35
0.80 35
0.81 37
0.82 36
0.83 36
0.84 36
0.85 36
0.86 36
0.87 37
0.88 38
0.89 38
0.90 38
0.91 37
0.92 38
0.93 39
0.94 39
0.95 39
0.96 39
0.97 39
0.98 39
0.99 40
1.00 44
